1234567890 55.7558 37.6173
1234567900 55.7560 37.6175
1234567910 55.7562 37.6178
1234567920 55.7565 37.6180
1234567930 55.7568 37.6183
1234567940 55.7570 37.6185
1234567950 55.7573 37.6188
1234567960 55.7575 37.6190
1234567970 55.7578 37.6193
1234567980 55.7580 37.6195
1234567990 55.7583 37.6198
1234568000 55.7585 37.6200
1234568010 55.7588 37.6203
1234568020 55.7590 37.6205
1234568030 55.7593 37.6208
1234568040 55.7595 37.6210
1234568050 55.7598 37.6213
1234568060 55.7600 37.6215
1234568070 55.7603 37.6218
1234568080 55.7605 37.6220
1234568090 55.7608 37.6223
1234568100 55.7610 37.6225
1234568110 55.7613 37.6228
1234568120 55.7615 37.6230
1234568130 55.7618 37.6233
1234568140 55.7620 37.6235
1234568150 55.7623 37.6238
1234568160 55.7625 37.6240
1234568170 55.7628 37.6243
1234568180 55.7630 37.6245
1234568190 55.7633 37.6248
1234568200 55.7635 37.6250
1234568210 55.7638 37.6253
1234568220 55.7640 37.6255
1234568230 55.7643 37.6258
1234568240 55.7645 37.6260
1234568250 55.7648 37.6263
1234568260 55.7650 37.6265
1234568270 55.7653 37.6268
1234568280 55.7655 37.6270
1234568290 55.7658 37.6273
1234568300 55.7660 37.6275
1234568310 55.7663 37.6278
1234568320 55.7665 37.6280
1234568330 55.7668 37.6283
1234568340 55.7670 37.6285
1234568350 55.7673 37.6288
1234568360 55.7675 37.6290
1234568370 55.7678 37.6293
1234568380 55.7680 37.6295
